178 100
163	
181	
168	
186	
165	
165	
192	
194	
165	
150	
170	
159	
154	
160	
157	
174	
173	
158	
178	
160	
172	
171	
159	
153	
177	
183	
186	
171	
154	
164	
181	
169	
174	
150	
180	
177	
164	
154	
178	
150	
184	
155	
201	
180	
152	
176	
193	
165	
182	
177	
148	
193	
170	
190	
185	
152	
187	
154	
166	
191	
193	
159	
164	
191	
163	
158	
160	
176	
174	
150	
177	
194	
193	
191	
164	
153	
158	
172	
162	
172	
162	
163	
174	
167	
160	
173	
162	
164	
177	
166	
170	
178	
165	
164	
179	
166	
171	
168	
171	
179	
