7500 900
52
50
49
51
33
62
64
21
43
23
39
71
25
23
31
12
60
10
26
27
75
69
11
51
42
45
58
51
32
61
34
43
29
12
55
66
24
74
69
16
59
61
72
51
56
71
56
66
33
45
27
11
25
69
57
20
24
36
21
26
52
59
19
35
38
58
33
13
47
22
52
45
22
51
15
40
40
41
43
75
44
63
56
73
38
49
56
54
24
51
52
69
55
72
69
47
44
13
60
58
68
46
55
39
67
20
47
40
43
66
72
75
56
12
35
20
27
13
65
71
28
30
73
55
16
51
54
22
66
44
15
49
67
20
22
32
35
36
33
10
42
23
44
59
56
43
75
66
47
64
38
63
11
35
30
29
51
58
34
61
75
73
62
30
56
60
23
64
38
55
25
71
26
40
48
14
40
57
68
70
18
10
66
28
55
56
24
54
48
16
15
27
36
63
21
37
35
20
22
46
68
11
57
51
18
30
19
46
74
29
48
42
52
49
55
40
65
61
47
25
11
31
59
34
15
48
68
17
61
67
15
46
12
73
46
17
57
68
45
32
42
20
25
13
38
63
59
40
75
60
52
53
23
55
35
73
16
28
22
67
63
10
50
26
50
15
66
29
15
54
50
59
22
41
41
52
26
56
64
58
34
55
74
14
44
51
15
40
49
48
74
19
26
72
41
52
61
69
22
25
15
31
17
62
48
12
41
65
56
43
71
49
61
52
27
70
18
54
52
34
18
14
26
17
26
63
16
61
14
56
42
35
75
38
14
13
52
68
23
45
38
69
37
50
38
17
30
49
45
16
73
75
14
14
47
47
22
34
74
68
52
10
15
59
47
32
49
63
58
46
34
32
56
27
65
41
58
30
23
26
35
56
74
36
13
48
19
11
57
41
67
59
10
53
29
34
18
58
59
66
58
24
19
60
51
38
37
51
40
53
46
66
44
34
16
70
38
53
44
27
15
46
13
23
68
14
69
46
39
62
17
42
17
42
66
45
19
69
68
26
58
42
50
14
23
12
12
65
74
48
52
55
44
59
69
14
56
29
74
15
49
15
73
59
37
41
34
22
25
27
49
12
27
60
75
38
19
68
12
10
13
65
37
45
14
37
41
15
48
73
55
24
42
49
42
23
51
66
44
63
46
72
65
10
26
50
41
27
18
10
22
56
16
63
60
65
51
70
54
75
22
50
61
20
10
74
70
35
16
69
28
44
10
10
16
13
22
75
31
34
47
69
46
66
24
62
25
28
10
47
56
42
46
35
70
62
50
66
44
56
35
50
43
46
63
23
41
50
32
43
15
20
45
13
36
26
18
68
35
50
15
40
41
63
27
16
72
43
10
11
12
41
13
74
42
27
35
39
28
38
61
21
65
74
74
64
36
28
65
66
38
70
63
26
28
37
62
34
52
59
48
51
70
15
35
27
61
67
29
49
75
68
29
69
20
35
67
68
58
23
40
45
42
42
62
65
58
35
51
41
28
48
48
40
72
51
48
74
11
38
54
70
73
17
20
74
58
53
48
41
61
11
74
61
48
42
36
54
35
63
46
56
65
64
35
66
44
51
21
58
22
21
73
57
58
16
36
72
24
21
58
49
37
19
39
64
39
73
62
37
11
21
30
44
71
29
49
37
19
27
41
36
63
11
53
51
34
49
69
35
65
28
30
55
34
11
35
39
72
44
68
29
25
34
43
72
34
34
63
48
18
37
49
31
45
21
14
22
24
46
63
49
36
43
71
20
41
26
45
47
21
33
39
43
33
73
27
19
33
64
60
61
50
39
44
66
70
66
52
19
34
73
43
70
60
70
66
18
16
55
22
37
58
26
15
57
58
43
50
11
44
74
72
67
38
63
67
52
60
34
11
21
69
44
34
50
57
13
46
64
59
51
61
33
65
58
43
39
69
52
16
17
52
41
52
38
68
54
17
45
24
21
34
25
19
43
59
71
57
35
58
50
35
30
67
50
32
38
47
22
55
71
31
73
36
49
30
35
75
71
56
40
43
68
62
37
53
17
29
70
69
42
40
72
54
64
52
74
20
68
