55 1000
70	
50	
60	
64	
74	
75	
68	
62	
49	
76	
65	
78	
68	
62	
67	
79	
74	
43	
57	
72	
62	
64	
67	
78	
80	
66	
40	
79	
58	
43	
63	
45	
74	
44	
50	
77	
78	
68	
69	
63	
72	
65	
70	
76	
73	
70	
53	
60	
42	
56	
41	
68	
77	
62	
79	
40	
69	
71	
79	
77	
58	
74	
54	
45	
46	
49	
69	
43	
40	
55	
65	
52	
53	
48	
54	
64	
48	
52	
55	
66	
60	
66	
76	
52	
69	
64	
70	
64	
72	
44	
62	
56	
67	
73	
77	
57	
61	
46	
55	
72	
49	
76	
65	
78	
68	
62	
67	
79	
74	
43	
57	
72	
62	
64	
67	
78	
80	
66	
40	
79	
58	
43	
63	
45	
74	
44	
50	
77	
78	
68	
69	
63	
72	
65	
70	
76	
73	
70	
53	
60	
42	
52	
53	
48	
54	
64	
48	
52	
55	
66	
60	
66	
76	
52	
69	
64	
70	
64	
72	
44	
62	
56	
67	
73	
77	
57	
61	
46	
55	
72	
49	
76	
65	
78	
68	
62	
67	
79	
74	
43	
46	
80	
75	
71	
79	
74	
51	
78	
63	
41	
73	
65	
65	
44	
68	
77	
52	
77	
43	
72	
70	
50	
60	
64	
74	
75	
68	
62	
49	
76	
65	
78	
68	
62	
67	
79	
74	
43	
57	
72	
62	
64	
67	
78	
80	
66	
40	
79	
58	
43	
63	
45	
74	
44	
50	
77	
78	
68	
69	
63	
72	
65	
70	
76	
73	
70	
53	
60	
42	
39	
41	
68	
77	
62	
79	
40	
69	
71	
79	
77	
58	
74	
54	
45	
46	
49	
69	
43	
40	
55	
65	
52	
53	
48	
54	
64	
48	
52	
55	
66	
60	
66	
76	
52	
69	
64	
70	
64	
72	
44	
62	
56	
67	
73	
77	
57	
61	
46	
55	
72	
49	
76	
65	
78	
68	
62	
67	
79	
74	
43	
57	
72	
62	
64	
67	
78	
80	
66	
40	
79	
58	
43	
63	
45	
74	
44	
50	
77	
78	
68	
69	
63	
72	
65	
70	
76	
73	
70	
53	
60	
42	
52	
53	
48	
54	
64	
48	
52	
55	
66	
60	
66	
76	
52	
69	
64	
70	
64	
72	
44	
62	
56	
67	
73	
77	
57	
61	
46	
55	
72	
49	
76	
65	
78	
68	
62	
67	
79	
74	
43	
46	
80	
75	
71	
79	
74	
51	
78	
63	
41	
73	
65	
65	
44	
68	
77	
52	
77	
43	
72	
55	
72	
49	
76	
65	
78	
68	
62	
67	
79	
74	
43	
57	
72	
62	
64	
67	
78	
80	
66	
40	
79	
58	
43	
63	
45	
74	
44	
50	
77	
78	
68	
69	
63	
72	
65	
70	
76	
73	
70	
53	
60	
42	
52	
53	
48	
54	
64	
48	
52	
55	
66	
60	
66	
76	
52	
69	
64	
70	
64	
72	
44	
62	
56	
67	
73	
77	
57	
61	
46	
55	
72	
49	
76	
65	
78	
68	
62	
67	
79	
74	
43	
46	
80	
75	
71	
79	
74	
51	
78	
63	
41	
73	
65	
65	
44	
68	
38	
52	
77	
70	
50	
60	
64	
74	
75	
68	
62	
49	
76	
65	
78	
68	
62	
67	
79	
74	
43	
57	
72	
62	
64	
67	
78	
80	
66	
40	
79	
58	
43	
63	
45	
74	
44	
50	
77	
78	
68	
69	
63	
72	
65	
70	
76	
73	
70	
53	
60	
42	
56	
41	
68	
77	
62	
79	
40	
69	
71	
79	
77	
58	
74	
54	
45	
46	
49	
69	
43	
40	
55	
65	
52	
53	
48	
54	
64	
48	
52	
55	
66	
60	
66	
76	
52	
69	
64	
70	
64	
72	
44	
62	
56	
67	
73	
77	
57	
61	
81	
55	
72	
49	
76	
65	
78	
68	
62	
67	
79	
74	
43	
57	
72	
62	
64	
67	
78	
80	
66	
40	
79	
58	
43	
63	
45	
74	
44	
50	
77	
78	
68	
69	
63	
72	
65	
70	
76	
73	
70	
53	
60	
42	
52	
53	
48	
54	
64	
48	
52	
55	
66	
60	
66	
76	
52	
69	
64	
70	
64	
72	
44	
62	
56	
67	
73	
77	
57	
61	
46	
55	
72	
49	
76	
65	
78	
68	
62	
67	
79	
74	
43	
46	
80	
75	
71	
79	
74	
51	
78	
63	
41	
73	
65	
65	
44	
68	
77	
52	
77	
43	
72	
70	
50	
60	
64	
74	
75	
68	
62	
49	
76	
65	
78	
68	
62	
67	
79	
74	
43	
57	
72	
62	
64	
67	
78	
80	
66	
40	
79	
58	
43	
63	
45	
74	
44	
50	
77	
78	
68	
69	
63	
72	
65	
70	
36	
73	
70	
53	
60	
42	
56	
41	
68	
77	
62	
79	
40	
69	
71	
79	
77	
58	
74	
54	
45	
46	
49	
69	
43	
40	
55	
65	
52	
53	
48	
54	
64	
48	
52	
55	
66	
60	
66	
76	
52	
69	
64	
70	
64	
72	
44	
62	
56	
67	
73	
77	
57	
61	
46	
55	
72	
49	
76	
65	
78	
68	
62	
67	
79	
74	
43	
57	
72	
62	
64	
67	
78	
80	
66	
40	
79	
58	
43	
63	
45	
74	
44	
50	
77	
78	
68	
69	
63	
72	
65	
70	
76	
73	
70	
53	
60	
42	
52	
53	
48	
54	
64	
48	
52	
55	
66	
60	
66	
76	
52	
69	
64	
70	
64	
72	
44	
62	
56	
67	
73	
77	
57	
61	
46	
55	
72	
49	
76	
65	
78	
68	
62	
67	
79	
74	
43	
46	
80	
75	
71	
79	
74	
51	
78	
63	
41	
73	
65	
65	
44	
68	
77	
52	
77	
43	
72	
55	
72	
49	
76	
65	
78	
68	
62	
67	
79	
74	
43	
57	
72	
62	
64	
67	
78	
80	
66	
40	
79	
58	
43	
63	
45	
74	
44	
50	
77	
78	
68	
69	
63	
72	
65	
70	
76	
73	
70	
53	
60	
42	
52	
53	
48	
54	
64	
48	
52	
55	
66	
60	
66	
76	
52	
69	
64	
70	
64	
72	
44	
62	
56	
67	
73	
77	
57	
61	
46	
55	
72	
49	
76	
65	
78	
68	
62	
67	
79	
74	
43	
46	
80	
75	
71	
79	
74	
51	
78	
63	
41	
73	
65	
65	
44	
68	
77	
52	
77	
